00000000000000000000000000000000000000000000000000000000000000000000000000000000000000
00000000000000000000000000000000000000000000000000000000000000000000000000000000000000
..SCORE 99999...................HI-SCORE 99999......................LIVES..dTb.dTb.dTb
......................................................................................
......................................................................................
......................................................................................
......................................................................................
.....................................................................................O
......................................................................................
GG....GG....GG....GG....GG....GG....GG....GG....GG....GG....GG....GG..................
                                                                                      
MM....MM....MM....MM....MM....MM....MM....MM....MM....MM....MM....MM..................       
		                                                                                
MM....MM....MM....MM....MM....MM....MM....MM....MM....MM....MM....MM..................        
                                                                                      
SSS...SSS...SSS...SSS...SSS...SSS...SSS...SSS...SSS...SSS...SSS...SSS.................

SSS...SSS...SSS...SSS...SSS...SSS...SSS...SSS...SSS...SSS...SSS...SSS.................





     000000                  000000                000000                  000000      
    00000000                00000000              00000000                00000000     
    000  000                000  000              000  000                000  000     
    00    00                00    00              00    00                00    00     
    00    00                00    00              00    00                00    00     
                                                                                      
dHb                                                                                    
00000000000000000000000000000000000000000000000000000000000000000000000000000000000000
00000000000000000000000000000000000000000000000000000000000000000000000000000000000000                                                                                 